-0.00380349
-0.00386452
-0.00371193
-0.00371193
-0.003834
-0.00374245
-0.00380349
-0.00380349
-0.00386452
-0.00371193
-0.00392556
-0.00380349
-0.00365089
-0.00374245
-0.00349829
0.11742
0.040053
0.00892312
0.00678676
0.00626793
0.00797702
0.000438717
0.000988067
0.00281923
0.00269716
0.00111014
0.00379586
0.000713392
0.000652353
0.00226988
-0.000598944
0.00083547
0.00101859
0.00391793
0.00190365
0.00388741
0.000621834
0.00284975
0.00318547
0.00190365
0.00486404
0.000865989
0.00178157
0.00147638
0.00138482
0.00117118
0.00208677
0.00202573
0.000377678
0.00147638
-0.000537905
0.000621834
0.00461988
0.00153742
0.00028612
0.00132378
0.000927028
0.000225081
-0.00185024
0.00242248
0.00376534
0.000682872
0.00242248
-0.000782061
-0.000110633
0.000927028
0.0000114448
0.00233092
0.000499756
-0.000598944
0.000591314
-0.00029375
-0.000232711
0.00257508
0.000682872
-0.00197232
0.00028612
-0.00200284
-0.000507386
0.0000724837
-0.000965177
0.00107963
-0.000721022
0.000194561
0.000377678
-0.000568425
0.00123222
-0.000385308
0.00153742
0.00935039
0.00330754
-0.000507386
0.000377678
0.000347159
0.00193417
-0.000324269
-0.0030405
-0.000690502
-0.000690502
0.00111014
0.000621834
-0.00154505
-0.00163661
-0.00102622
-0.00215544
-0.00130089
0.000164042
0.000164042
-0.00148401
-0.0000495941
-0.000934658
-0.00142297
-0.00181972
0.000591314
-0.000537905
0.000591314
0.000103003
-0.00191128
-0.00212492
-0.00123985
-0.00197232
-0.00166712
-0.00142297
-0.000568425
-0.00136193
0.000469236
0.0000419642
-0.00188076
-0.00267427
-0.000537905
-0.00136193
-0.00175868
-0.000690502
-0.00111777
-0.00123985
-0.0017892
-0.00200284
0.000316639
-0.00108726
-0.00163661
0.000865989
-0.00181972
-0.000751541
-0.000385308
-0.00145349
-0.0000495941
-0.00191128
-0.00130089
-0.000904138
-0.0008431
-0.00197232
0.000560795
-0.0008431
0.00123222
0.000621834
-0.00230803
-0.00160609
-0.00139245
0.000591314
0.000225081
-0.00111777
-0.0000190747
-0.000446347
0.00165949
-0.000232711
-0.00197232
-0.00255219
0.000408198
-0.00154505
-0.00175868
-0.00252167
-0.00331517
-0.0031931
-0.0030405
-0.00081258
0.000743911
0.000194561
-0.0000495941
0.000225081
-0.00270479
-0.00270479
-0.00151453
-0.00151453
-0.00227751
-0.00130089
-0.000873619
-0.00212492
-0.0027353
-0.000904138
-0.00197232
-0.00252167
-0.00160609
-0.00188076
-0.00307102
-0.00157557
-0.00249115
-0.00157557
-0.00282686
-0.00261323
-0.000476866
-0.00197232
-0.00114829
-0.000782061
-0.00185024
-0.00252167
-0.000995697
-0.00105674
-0.00117881
-0.000537905
-0.00255219
-0.00215544
-0.00200284
-0.00243011
-0.00236907
-0.00169764
-0.00191128
-0.00230803
-0.00212492
-0.00206388
-0.00145349
-0.00285738
-0.0027353
-0.00185024
-0.00224699
-0.00291842
-0.00343725
-0.00255219
-0.00297946
-0.00200284
-0.00255219
-0.00325414
-0.0031931
-0.00300998
-0.00358985
-0.00249115
-0.00212492
-0.000721022
-0.00191128
-0.00236907
-0.00252167
-0.00362037
-0.00297946
-0.00297946
-0.00243011
-0.000721022
-0.00200284
0.00278871
-0.00102622

