3.465602080249547967e-01
2.197824332990771026e-02
-2.394645639126909975e-01
-4.482401236728975058e-01
2.955548985420593522e-01
4.903913980421111818e-01
5.813107387839587525e-02
-1.595719487200417466e-02
-1.706858171131380927e-02
3.180353652777225676e-02
-1.740215306733000344e-01
1.572692924822448324e-02
-6.438296762103323800e-02
1.512120792179955930e-01
2.143354087181749967e-01
-1.653245315367320861e-02
-2.632844994704136021e-01
-2.057876434747059613e-01
1.549937701563446069e-01
-3.162887920007154824e-02
-5.126388947618025771e-01
-8.131812051081679371e-01
-3.831118050065663444e-02
1.264161326785968875e-01
1.111975833410764336e+00
6.223388505179985764e+00
6.335238313966343071e+00
6.745129599683609811e+00
7.163092672173602793e+00
5.985901009749730939e+00
5.043633668240671497e+00
5.391297789560234754e+00
5.526601762523042360e+00
5.678321853875678116e+00
5.232497343435698944e+00
4.669249942141597387e+00
4.478168644788789621e+00
4.798470018255446945e+00
5.019064860515470627e+00
4.424129959162185877e+00
4.010295706581561426e+00
3.710508610956136266e+00
3.685300630236108432e+00
3.561159821297226191e+00
3.616562530076410376e+00
3.574058632856946360e+00
3.767549349592335783e+00
2.803840961622886319e+00
2.849400819036359334e+00
3.105072091853998906e+00
3.034462998431439740e+00
2.653152482175343163e+00
2.401261266507262793e+00
2.463854227125511720e+00
2.742421457097459658e+00
2.165141203563728745e+00
1.882678638844547558e+00
2.325607486740270957e+00
2.028463475930640580e+00
1.675452006767773394e+00
1.840824797516921629e+00
2.158704938518333449e+00
1.732901231804076847e+00
1.663650409170024824e+00
1.594539396741354143e+00
1.573289910259012325e+00
1.774040898423333568e+00
1.511340471764716531e+00
1.652888987047402169e+00
1.240510600000059194e+00
1.535112628361149145e+00
1.295789742935265609e+00
1.143928343800602709e+00
1.406963745596794046e+00
1.420461915003821352e+00
1.562979156273175185e+00
1.003193283097523425e+00
1.007905630700116850e+00
9.184137449384337515e-01
1.006045854324954636e+00
6.530949952029458938e-01
8.852879292136268674e-01
1.111848488255907208e+00
7.419169526672297899e-01
9.353551181850662255e-01
9.038280829499785174e-01
1.043224976188694919e+00
9.879044538487140592e-01
5.473481470317753672e-01
5.127161092528216280e-01
4.497734833800499654e-01
7.440595037320747451e-01
7.783229800428571599e-01
5.964575242410364853e-01
4.078915288019713814e-01
7.574795673025712661e-01
4.589334102121970793e-01
4.618874918540880059e-01
5.925630743984880988e-01
7.816607804225672584e-01
4.742446370387491394e-01
2.510438202605136393e-01
4.916897120767018126e-01
6.588665696161104535e-01
8.571896988593347144e-02
1.207867092383656249e-01
1.377236177232656344e-01
4.320015650878764601e-01
9.837037865794794333e-01
1.783564028812256452e-01
2.513068731862335703e-01
1.667846171967499458e-01
1.126677405932407644e-01
4.507883795742861355e-01
3.580395580898022151e-02
4.057834803133278934e-01
1.763902966522787608e-01
-2.160404729754963338e-01
1.417295372232382222e-01
8.061899595560765297e-01
8.950167553606546145e-01
-9.121218261346751913e-03
-9.796448508529903565e-01
1.560383834885608056e-01
1.124660484760404922e+00
8.395643518087025914e-01
-9.515310738531866930e-01
-1.295690124684025335e+00
7.429300698252173651e-01
1.932519803314735718e+00
7.102943714866585267e+00
2.019196652258589353e+01
2.043668814850625282e+01
2.246975064567768499e+01
2.300871237899693256e+01
2.125343746312906035e+01
1.900428751522037274e+01
1.951973617542118333e+01
2.019441708942174785e+01
1.956772835185473269e+01
1.773216760770214862e+01
1.626633616942438465e+01
1.610543431818055637e+01
1.604249136975708367e+01
1.572524684863149425e+01
1.475054207374419946e+01
1.419126484484589490e+01
1.384200293188962405e+01
1.298704849885440638e+01
1.259760913525399495e+01
1.239409660449713790e+01
1.215440184713548355e+01
1.121670151665444770e+01
1.044551054692800740e+01
1.086105732877252450e+01
1.038433505568034043e+01
9.604814421397875890e+00
9.529695524633718051e+00
8.878251347430516915e+00
8.903353767979657718e+00
8.648054288302613912e+00
8.162206452408453217e+00
7.475702138199741498e+00
7.450218840935015407e+00
7.221880720884383820e+00
6.807693898579152858e+00
6.689751576386790077e+00
6.583488022326337230e+00
5.940421401600399776e+00
5.616060991341522701e+00
5.875431875356964539e+00
5.629340334348960084e+00
5.395215607399433289e+00
5.124652519054633260e+00
4.833646307808059817e+00
4.506278830595408458e+00
4.681207121995421438e+00
4.585498950705234833e+00
4.147089714233785251e+00
3.898037492392079972e+00
3.896993766765331824e+00
4.007836753477893588e+00
3.815889284574714768e+00
3.589644277598549316e+00
3.576276099561830346e+00
3.375855458366991524e+00
3.101187297399411236e+00
3.213730196814641449e+00
3.412005310172393280e+00
3.372169542185466717e+00
2.451801184568030312e+00
2.575707808531544796e+00
2.648049631714655128e+00
2.612730863278214688e+00
2.203429358736368027e+00
2.417120393947947310e+00
2.595789492032053225e+00
2.037250649566554550e+00
2.457858601885440919e+00
2.409162814901922189e+00
2.287899962745482796e+00
2.060188200374124534e+00
1.782506484726205320e+00
1.969963856230745103e+00
1.866998889046510346e+00
1.925842855453375302e+00
1.813330294250329988e+00
1.736103637630231900e+00
1.804795280239086974e+00
1.789301999671102594e+00
1.812999701889002724e+00
1.614540349880562387e+00
1.376592579874534872e+00
1.271594168942878245e+00
1.260935527925693300e+00
1.356323441557365062e+00
1.390192041786397548e+00
1.052201423261690749e+00
9.298377616606732232e-01
9.065718899671528774e-01
6.796619639615303354e-01
1.227786222272924999e+00
1.171485015716018818e+00
1.012034860140734072e+00
1.040341478738037395e+00
6.087650728424062185e-01
9.709710679279619505e-01
9.420078013691803864e-01
9.105434673764910558e-01
1.089886932616651372e+00
8.368943127893634371e-01
6.810632210513111184e-01
7.221522652799174935e-01
5.680833948502651554e-01
5.698608691453833641e-01
7.728791023317156395e-01
4.319126216155747544e-01
4.923050540000535880e-01
6.736601234157439944e-01
4.942095373731963392e-01
6.379910331617628660e-01
6.976560550628594370e-01
4.878222749161197358e-01
6.843855867503378931e-01
6.740869140646754687e-01
3.970924131057942397e-01
5.358195742470432954e-01
6.772106613414016207e-01
3.060728657065640568e-01
1.184486645084564943e-01
7.964722218243297513e-02
2.709052799186704719e-01
-7.719114780473503024e-02
1.334721797991656744e-01
4.650260429495327030e-01
4.541362862353613972e-01
4.171548536842459853e-01
5.545377540516009951e-01
3.125256527361546799e-01
4.303650764873171441e-01
3.104709647347669299e-01
8.663313907206321440e-02
3.405799346131801464e-01
3.929931166547697141e-01
2.125086591996068752e-01
5.666903815928114180e-02
3.015448064729874811e-01
-3.138570944641535382e-03
2.038630821592019304e-01
-9.166204265516847416e-02
-4.632014358483002581e-02
-2.609077298923386801e-01
-3.876900786333103421e-01
-2.771943232644109023e-01
-1.739613911532656709e-01
-6.637154086292033905e-02
-1.855211227797914364e-01
-3.420457864835461659e-01
-4.449246983269458666e-01
-4.622425451896470805e-01
-5.188508856539033598e-01
-8.245056234037476117e-02
-5.696089774187829136e-01
-4.939078619703803352e-01
-4.120157738772338707e-01
-4.248067999522426863e-01
-5.123265881609572192e-01
-3.083683501469867694e-01
-3.169914800711980396e-01
-5.389940965099571102e-01
-9.493147564607586908e-01
-6.228355411035996214e-01
-8.289408945658308658e-01
-5.032191610764826795e-01
-7.282009445036742301e-01
-6.821571644577991700e-01
-4.432947731717586937e-01
-9.621188356337838643e-01
-8.722104945020031641e-01
-7.472215828258368386e-01
-7.340404966032598733e-01
-6.062704345792222504e-01
-6.363462426579356013e-01
-3.634145392315992762e-01
-7.442349955601524902e-01
-4.791895437334270369e-01
-6.814640357971699647e-01
-8.008812604730541906e-01
-6.016792529323866656e-01
-6.267512904600834878e-01
-8.521151855514241813e-01
-4.935415254978101074e-01
-8.935689623687226302e-01
-4.340925047437170781e-01
-3.971755120189341404e-01
-6.809319213076061583e-01
-2.726238602445223425e-01
-3.138777068236110468e-01
-5.441135949566551222e-01
-7.521122369941722896e-01
-6.134156318331280833e-01
-5.753497647202531207e-01
-4.856981731614969378e-01
-5.713698960083960499e-01
-3.497652450591092615e-02
-2.848143096879059977e-01
-4.865212136172337720e-01
-4.963017738814824997e-01
-5.710662407812643337e-01
-6.910093408345029387e-01
-8.543856577029952382e-01
-8.502916418756186756e-01
-1.037317489554460126e+00
-9.789891018506905462e-01
-7.680615837198642160e-01
-8.322568463832136221e-01
-6.952573164131524708e-01
-7.964674148686986532e-01
-8.965036600048782445e-01
-1.213590740397402667e+00
-1.403346976983565808e+00
-1.265650116719178930e+00
-1.138415725523927780e+00
-1.194946884125043240e+00
-9.540648630919577045e-01
-9.490963906919696047e-01
-9.586208091700014755e-01
-1.473198679573010539e+00
-1.126249786331826819e+00
-1.200009417180208482e+00
-1.062543102278907803e+00
-1.050683522157651817e+00
-1.110731420514064594e+00
-9.666591432943038020e-01
-1.492806437621249982e+00
-8.783458399796595373e-01
-1.036377823387166108e+00
-1.056495488796041160e+00
-9.169522315470008955e-01
-1.235778761615792476e+00
-1.219299494561983277e+00
-1.186755528211393518e+00
-1.303613173717317553e+00
-1.045184657622086455e+00
-1.054197775830500117e+00
-1.298877232967890594e+00
-9.224349810729653987e-01
-8.630688443332907855e-01
-7.969280194758810998e-01
-1.359731901570621515e+00
-9.328430725935684675e-01
-1.231804039868822365e+00
-1.429934681734565505e+00
-1.022308561864681442e+00
-9.832076167639250963e-01
-1.211835629733601927e+00
-8.127271184468899401e-01
-1.232045839547989408e+00
-1.154085992648452796e+00
-9.928094659238915209e-01
-1.279635334413696146e+00
-1.483603036205572101e+00
-1.148888760081629767e+00
-1.232526836096528911e+00
-1.053686590478652096e+00
-9.875642274642153495e-01
-1.160279662554327018e+00
-1.130885395900488088e+00
-1.225702878068063661e+00
-1.314076477481287197e+00
-1.397599285549444126e+00
-1.562867306589239114e+00
-9.437450239534279639e-01
-1.254875277725574723e+00
-9.326921063454124416e-01
-8.917265522722669369e-01
-9.226962343333284799e-01
-1.501868122948035955e+00
-1.419317841418401782e+00
-1.223784501187916707e+00
-1.013654978706802323e+00
-7.345254085807021438e-01
-1.447118953159801436e+00
-1.502943870799953174e+00
-8.908868889261691848e-01
-1.040037987888209781e+00
-1.161482516092173123e+00
-9.391155126659901375e-01
-1.072952723344133386e+00
-1.388084921880266220e+00
-1.618911896482347901e+00
-8.317633399045955001e-01
-4.403588831575266371e-01
-8.762024842121736157e-01
-1.717216602290323912e+00
-1.597364530818752737e+00
-3.065958634764561763e-01
-8.359644197672848331e-02
-1.202786240075802704e+00
-1.883700611175557427e+00
-1.205802981112183758e+00
1.316446662945692722e-02
-4.862643562534154501e-02
9.897019983689798295e+00
1.222637559914258887e+01
1.272532428825277862e+01
1.340180122723240608e+01
1.237164484833953182e+01
1.044336588225612772e+01
1.050869858007115809e+01
1.114503811850875259e+01
1.335837889711945436e+01
1.289459826637190432e+01
1.205732880716377586e+01
1.215427594035882741e+01
1.215803935581503481e+01
1.176601691708377473e+01
1.095205237133611575e+01
1.055638502683211044e+01
1.041086633054757193e+01
9.802342834434822905e+00
9.487192572915956745e+00
9.664899796238110241e+00
9.166267718428505518e+00
8.629341123010766168e+00
7.920495178656993041e+00
7.407889848338386152e+00
7.425411895602086254e+00
7.521634204962464487e+00
7.055884334185995144e+00
6.192919666051793115e+00
6.714030985952523345e+00
6.180718419226869820e+00
5.916629058058368251e+00
5.544953714475419737e+00
5.591584831891473151e+00
5.344382550050980285e+00
4.783536872886284819e+00
4.743030756911402079e+00
4.633805875929825291e+00
4.411253359573884758e+00
3.797190997607793772e+00
3.496529315191042819e+00
3.591126241760787430e+00
3.644639596493607137e+00
3.620794214205364181e+00
3.015734511702567566e+00
3.201283496349525581e+00
2.864696026993476252e+00
2.737933428700574101e+00
2.750318898923255428e+00
2.998750817256286894e+00
2.706024864745896430e+00
2.430018578414937291e+00
2.030114408041265417e+00
2.184072644001808783e+00
2.162408304417074323e+00
2.037843586025852805e+00
2.031924151225819930e+00
1.725457076068370066e+00
1.690469215837339778e+00
1.683208608320678090e+00
1.599789599050678746e+00
1.603759256510780995e+00
1.315942058850408269e+00
1.138395472269809083e+00
1.338446456870384216e+00
1.367657954301040757e+00
1.207151333378140512e+00
1.517488815681272696e+00
1.264815414604648636e+00
9.770080070164849362e-01
9.409758019924105987e-01
1.652539796988631293e+00
1.447368998823716169e+00
5.630694666476022681e-01
